5.747309546759999648e+04 2.673521036221317062e-03
5.718797210035000171e+04 4.175461656946436915e-04
5.742122660444999929e+04 3.950774702164950962e-03
5.787406064085999969e+04 1.921186340714969550e-03
5.739130855739999970e+04 1.001204241706786643e-03
5.757701544840999850e+04 8.344522734415950630e-04
5.737334026037999865e+04 4.709096975828444488e-04
5.779912153904000297e+04 1.100332856650112047e-03
5.783103883217999828e+04 3.182021380809885083e-03
5.748804859061000025e+04 1.821797987818255145e-03
5.783501860465999926e+04 1.774690181361016691e-03
5.744712345862999791e+04 5.320863491238629964e-03
5.721898201906999748e+04 5.317323606639125103e-04
5.719997137199999997e+04 2.068322201599422528e-03
5.736629557753999688e+04 1.050700550460342570e-03
5.784921931236000091e+04 6.098586990720671758e-04
5.784819932664999942e+04 1.964086403284128618e-03
5.756697810428999946e+04 2.502946255163173393e-03
5.736531977105999977e+04 2.073998960685082774e-03
5.779517022474999976e+04 3.986351921551125298e-03
5.787707110909000039e+04 1.309150478708155391e-03
5.781013117392999993e+04 4.703373888066874654e-03
5.741527946872000030e+04 4.120944993061682882e-03
5.718098688555999979e+04 1.950705984152668708e-03
5.745109016721000080e+04 3.926799265479993806e-03
5.740123054006000166e+04 5.942488788000692586e-03
5.747816175736999867e+04 2.348306386088731389e-03
5.745204876469000010e+04 7.837669404846319895e-03
5.745529192642999988e+04 1.573539399098341065e-03
5.721198001179000130e+04 3.666948889368735158e-05
5.785215148724000028e+04 1.890113736675564206e-03
5.722097338188000140e+04 1.439625968655169246e-03
5.779819370008000260e+04 3.092396687396914423e-03
5.731935897863999708e+04 6.578457336280617296e-04
5.720097338855999988e+04 2.468204056130102728e-04
5.739030213209999783e+04 2.798626649392163112e-03
5.758400670530000207e+04 9.378299958546791517e-04
5.740519154716000048e+04 4.378190757618024426e-03
5.741321773733999726e+04 3.538115826039868982e-03
5.744907201991000329e+04 9.135244466577312206e-03
5.792403532878999977e+04 1.022896217070438365e-03
5.775432149419000052e+04 2.963994357727559557e-03
5.779614247048999823e+04 5.250929619185567936e-03
5.745705083967000246e+04 4.482723526484841056e-03
5.785119769775000168e+04 1.048684958361751534e-03
5.738931716099000187e+04 3.061108595797145445e-03
5.747710010458999750e+04 3.322030351611143101e-03
5.719897474627000338e+04 9.143509632476900248e-04
5.741224555320999934e+04 2.091718150637743388e-03
5.718498271058999671e+04 1.516696204198598455e-03
5.747702023519999784e+04 2.943949603169567202e-03
5.785418998270000156e+04 1.686852020799804123e-03
5.783603589685999759e+04 2.172565062078375426e-03
5.718202138407999882e+04 1.320061363656526527e-03
5.744808872641999915e+04 5.281482722223903616e-03
5.779222434175999661e+04 4.299712673828112036e-03
5.748606347377999919e+04 2.514414549724556646e-03
5.721997078008999961e+04 1.389960375515142399e-03
5.747019174745999771e+04 1.175753879896792231e-03
5.740626269498000329e+04 2.379604004549498372e-03
5.747609791887999745e+04 3.362433064036252171e-03
5.747411147709000215e+04 3.166708634259263015e-03
5.731836174380000011e+04 3.336924210519861753e-03
5.720397003458000108e+04 1.193704502862607967e-03
5.718997436952999851e+04 2.082871081225760087e-03
5.717996526386999903e+04 2.941356398573817619e-03
5.748821555190000072e+04 1.410706844601376754e-03
5.773435193866000191e+04 3.266352143894947317e-03
5.780325443618999998e+04 2.160886844411475955e-03
5.783207028105000063e+04 2.542633429794808990e-03
5.736730823424000118e+04 2.501463520077404964e-03
5.779713746887999878e+04 3.238504098840353125e-03
5.718495642368999688e+04 1.267390808965424276e-01
5.753607633348999661e+04 1.734034287851904388e-03
5.745304123581999738e+04 5.031286562949539680e-03
5.787518343501000345e+04 5.382802703096905683e-04
5.741621995215000061e+04 2.504986817335341613e-03
5.753302093844999763e+04 9.061790750065829882e-04
5.775129323632999876e+04 4.181342096559741324e-03
5.740329624417999730e+04 5.451655410932838668e-03
5.740719557276999694e+04 -4.834233181617867076e-04
5.783008033681000234e+04 4.386461477148896268e-03
5.787204187416000059e+04 2.361105579708165647e-03
5.741721739677000005e+04 3.634754173105041175e-03
5.721099095969000336e+04 3.244214611636844943e-03
5.741821716821000155e+04 3.322390018870997365e-03
5.737033711803000188e+04 2.736740063018302475e-03
5.742418889514000330e+04 3.818637427498181545e-03
5.742023789556999691e+04 7.596937727419129059e-03
5.737426269298000261e+04 2.408196524898849247e-03
5.742221374937999644e+04 6.614157133811898910e-03
5.718897612926999864e+04 1.058539902938679172e-03
5.737133642957999837e+04 1.253546054375128662e-03
5.718303611346000253e+04 1.326694681223649112e-03
5.783405690203000268e+04 3.000228710073835851e-03
5.773233792707999964e+04 6.390422554395082345e-04
5.719096453858000314e+04 1.455356114781952270e-03
5.785008942635000130e+04 3.195369026962387605e-03
5.745008782190000056e+04 3.819967997829740343e-03
5.747912663019000320e+04 2.261374589236262670e-03
5.718408221634999791e+04 1.108069187516834680e-03
5.752901855493000039e+04 1.539720485474661621e-03
5.747512364969000191e+04 1.589834714539984295e-03
5.736430745700999978e+04 2.269243406797673886e-03
5.775532139484999789e+04 4.594314062683404858e-03
5.756596967880000011e+04 5.278865178196731883e-04
5.722198431495000114e+04 2.241279953813514383e-03
5.787316841846999887e+04 6.602319315231419900e-04
5.742517763630000263e+04 2.311427639994643665e-03
5.792503295834000164e+04 1.067882748668945881e-03
5.757600384997000219e+04 1.588452457011289669e-03
5.718597437773000274e+04 1.156051793001886549e-03
5.772933255587999884e+04 2.447979715455457766e-03
5.756797274448999815e+04 1.195753672581723525e-03
5.740424056723999820e+04 4.052727938917615423e-03
5.745805965614999877e+04 3.949213063631945228e-03
5.745606623751000006e+04 1.754622764239011871e-03
5.775231228525000188e+04 6.532704261970020184e-04
5.719196979390000342e+04 1.549414670007028200e-03
5.718696928371000104e+04 1.661793347408468914e-03
5.744611505836000288e+04 5.422119460070834278e-03
5.747225201786000252e+04 1.840845279477929973e-03
5.732536052064999967e+04 3.819244427719830325e-03
5.775330091759999777e+04 1.993408804112209876e-03
5.721799117924999882e+04 -8.226528431615988868e-05
5.784716146317999664e+04 2.155234341570196402e-03
5.720297172455999680e+04 3.121907075316565205e-03
5.742322327770000265e+04 4.784013837384261912e-03
5.756905532795000181e+04 1.113341867277699640e-03
